[0/1] C:\WINDOWS\system32\cmd.exe /C "cd /D D:\PROYECTOS-PERSONALES\CuidadoAbuelito\build && C:\Espressif\tools\cmake\3.30.2\bin\cmake.exe -D IDF_SIZE_TOOL=C:/Espressif/python_env/idf5.4_py3.10_env/Scripts/python.exe;-m;esp_idf_size -D IDF_SIZE_MODE=--archives -D MAP_FILE=D:/PROYECTOS-PERSONALES/CuidadoAbuelito/build/cuidado_abu.map -D OUTPUT_JSON= -P C:/Espressif/frameworks/esp-idf-v5.4.1/tools/cmake/run_size_tool.cmake"
                                                               Per-archive contributions to ELF file                                                                
+------------------------------------------------------------------------------------------------------------------------------------------------------------------+
| Archive File            | Total Size |  DRAM |  .bss | .data |  IRAM | .text | .text_overflow | .vectors | Flash Code |  .text | Flash Data | .rodata | .appdesc |
|-------------------------+------------+-------+-------+-------+-------+-------+----------------+----------+------------+--------+------------+---------+----------|
| libbt.a                 |     294047 | 18088 | 13371 |  4717 |  1571 |  1571 |              0 |        0 |     257514 | 257514 |      16874 |   16874 |        0 |
| libnet80211.a           |     151086 |  9568 |  8493 |  1075 |  5399 |  5399 |              0 |        0 |     122261 | 122261 |      13858 |   13858 |        0 |
| libesp_app_format.a     |     128857 |    10 |    10 |     0 |     0 |     0 |              0 |        0 |        417 |    417 |     128430 |  128174 |      256 |
| liblwip.a               |     103601 |  3733 |  3721 |    12 |     0 |     0 |              0 |        0 |      96035 |  96035 |       3833 |    3833 |        0 |
| libmbedcrypto.a         |      90347 |   141 |    81 |    60 |     0 |     0 |              0 |        0 |      82395 |  82395 |       7811 |    7811 |        0 |
| libc.a                  |      83501 |   576 |   316 |   260 |     0 |     0 |              0 |        0 |      77753 |  77753 |       5172 |    5172 |        0 |
| libbtdm_app.a           |      81828 |  3604 |  2666 |   938 | 22874 | 22874 |              0 |        0 |      54839 |  54839 |        511 |     511 |        0 |
| libpp.a                 |      69212 |  4099 |  1476 |  2623 | 20835 | 20835 |              0 |        0 |      39326 |  39326 |       4952 |    4952 |        0 |
| libwpa_supplicant.a     |      64570 |  1329 |  1321 |     8 |     0 |     0 |              0 |        0 |      61621 |  61621 |       1620 |    1620 |        0 |
| libmbedtls.a            |      48781 |   270 |   244 |    26 |     0 |     0 |              0 |        0 |      28774 |  28774 |      19737 |   19737 |        0 |
| libphy.a                |      44408 |  1219 |   635 |   584 |  8986 |  8986 |              0 |        0 |      34203 |  34203 |          0 |       0 |        0 |
| libfreertos.a           |      21260 |  3841 |   741 |  3100 | 15486 | 15486 |              0 |        0 |        658 |    658 |       1275 |    1275 |        0 |
| libesp_hw_support.a     |      15855 |   364 |    92 |   272 |  5725 |  5725 |              0 |        0 |       8769 |   8769 |        997 |     997 |        0 |
| libnvs_flash.a          |      15249 |    28 |    28 |     0 |     0 |     0 |              0 |        0 |      14969 |  14969 |        252 |     252 |        0 |
| libhttp_parser.a        |      14731 |     0 |     0 |     0 |     0 |     0 |              0 |        0 |      13997 |  13997 |        734 |     734 |        0 |
| libhal.a                |      14548 |  3872 |     8 |  3864 |  6256 |  6256 |              0 |        0 |       4266 |   4266 |        154 |     154 |        0 |
| libesp_system.a         |      14183 |   793 |   313 |   480 |  4531 |  4531 |              0 |        0 |       8182 |   8182 |        677 |     677 |        0 |
| libheap.a               |      12665 |    20 |     8 |    12 |  7442 |  7442 |              0 |        0 |       3589 |   3589 |       1614 |    1614 |        0 |
| libspi_flash.a          |      11598 |  1348 |    24 |  1324 |  8830 |  8830 |              0 |        0 |        952 |    952 |        468 |     468 |        0 |
| libesp_http_client.a    |       9654 |     0 |     0 |     0 |     0 |     0 |              0 |        0 |       9359 |   9359 |        295 |     295 |        0 |
| libcoexist.a            |       9445 |  1820 |     1 |  1819 |  3377 |  3377 |              0 |        0 |       4226 |   4226 |         22 |      22 |        0 |
| libesp_rom.a            |       8881 |     0 |     0 |     0 |   241 |   241 |              0 |        0 |          0 |      0 |       8640 |    8640 |        0 |
| libmbedx509.a           |       8692 |     0 |     0 |     0 |     0 |     0 |              0 |        0 |       8647 |   8647 |         45 |      45 |        0 |
| libesp_driver_uart.a    |       7581 |   240 |    32 |   208 |     0 |     0 |              0 |        0 |       6740 |   6740 |        601 |     601 |        0 |
| libdriver.a             |       7396 |    58 |    10 |    48 |  1270 |  1270 |              0 |        0 |       5708 |   5708 |        360 |     360 |        0 |
| libvfs.a                |       6588 |   236 |    44 |   192 |     0 |     0 |              0 |        0 |       6194 |   6194 |        158 |     158 |        0 |
| libmain.a               |       6416 |   173 |   171 |     2 |     0 |     0 |              0 |        0 |       6063 |   6063 |        180 |     180 |        0 |
| libesp_netif.a          |       6285 |    33 |    29 |     4 |     0 |     0 |              0 |        0 |       6089 |   6089 |        163 |     163 |        0 |
| libesp-tls.a            |       6043 |     4 |     4 |     0 |     0 |     0 |              0 |        0 |       5947 |   5947 |         92 |      92 |        0 |
| libjson.a               |       5442 |    20 |     8 |    12 |     0 |     0 |              0 |        0 |       5422 |   5422 |          0 |       0 |        0 |
| libesp_ringbuf.a        |       4753 |     0 |     0 |     0 |  4300 |  4300 |              0 |        0 |          0 |      0 |        453 |     453 |        0 |
| libesp_wifi.a           |       4695 |   527 |    47 |   480 |   380 |   380 |              0 |        0 |       3746 |   3746 |         42 |      42 |        0 |
| libesp_mm.a             |       4191 |   160 |   124 |    36 |  1008 |  1008 |              0 |        0 |       2809 |   2809 |        214 |     214 |        0 |
| libesp_driver_gpio.a    |       4091 |    36 |     0 |    36 |     0 |     0 |              0 |        0 |       3570 |   3570 |        485 |     485 |        0 |
| libtcp_transport.a      |       3863 |     0 |     0 |     0 |     0 |     0 |              0 |        0 |       3733 |   3733 |        130 |     130 |        0 |
| libesp_event.a          |       3574 |     4 |     4 |     0 |     0 |     0 |              0 |        0 |       3429 |   3429 |        141 |     141 |        0 |
| libnewlib.a             |       3499 |   360 |   200 |   160 |  1533 |  1533 |              0 |        0 |       1495 |   1495 |        111 |     111 |        0 |
| libesp_timer.a          |       3457 |    56 |    24 |    32 |  1646 |  1646 |              0 |        0 |       1620 |   1620 |        135 |     135 |        0 |
| libxtensa.a             |       3406 |  1044 |     0 |  1044 |  2209 |  1742 |             43 |      424 |        117 |    117 |         36 |      36 |        0 |
| libesp_phy.a            |       2462 |    53 |    36 |    17 |   235 |   235 |              0 |        0 |       1930 |   1930 |        244 |     244 |        0 |
| librtc.a                |       2207 |     4 |     4 |     0 |  2203 |  2203 |              0 |        0 |          0 |      0 |          0 |       0 |        0 |
| libbootloader_support.a |       2197 |     0 |     0 |     0 |  2044 |  2044 |              0 |        0 |        113 |    113 |         40 |      40 |        0 |
| libesp_partition.a      |       1925 |     8 |     8 |     0 |     0 |     0 |              0 |        0 |       1749 |   1749 |        168 |     168 |        0 |
| libesp_common.a         |       1809 |     0 |     0 |     0 |     0 |     0 |              0 |        0 |         51 |     51 |       1758 |    1758 |        0 |
| libsoc.a                |       1748 |    40 |     0 |    40 |    33 |    33 |              0 |        0 |         39 |     39 |       1636 |    1636 |        0 |
| liblog.a                |       1654 |   280 |   272 |     8 |   272 |   272 |              0 |        0 |       1054 |   1054 |         48 |      48 |        0 |
| libefuse.a              |       1593 |    64 |     4 |    60 |     0 |     0 |              0 |        0 |       1348 |   1348 |        181 |     181 |        0 |
| libstdc++.a             |       1477 |    21 |    17 |     4 |     0 |     0 |              0 |        0 |       1257 |   1257 |        199 |     199 |        0 |
| libesp_coex.a           |        682 |    96 |     0 |    96 |   171 |   171 |              0 |        0 |        415 |    415 |          0 |       0 |        0 |
| libesp_vfs_console.a    |        611 |    12 |    12 |     0 |     0 |     0 |              0 |        0 |        419 |    419 |        180 |     180 |        0 |
| libpthread.a            |        518 |    12 |     4 |     8 |     0 |     0 |              0 |        0 |        460 |    460 |         46 |      46 |        0 |
| libxt_hal.a             |        475 |     0 |     0 |     0 |   443 |   443 |              0 |        0 |          0 |      0 |         32 |      32 |        0 |
| libcore.a               |        335 |    33 |    33 |     0 |     0 |     0 |              0 |        0 |        259 |    259 |         43 |      43 |        0 |
| libapp_update.a         |        194 |     4 |     4 |     0 |     0 |     0 |              0 |        0 |        160 |    160 |         30 |      30 |        0 |
| libgcc.a                |         89 |     0 |     0 |     0 |     0 |     0 |              0 |        0 |         89 |     89 |          0 |       0 |        0 |
| libesp_security.a       |         56 |     4 |     4 |     0 |     0 |     0 |              0 |        0 |         44 |     44 |          8 |       8 |        0 |
| libcxx.a                |         52 |     0 |     0 |     0 |     0 |     0 |              0 |        0 |         52 |     52 |          0 |       0 |        0 |
| libnvs_sec_provider.a   |          5 |     0 |     0 |     0 |     0 |     0 |              0 |        0 |          5 |      5 |          0 |       0 |        0 |
| (exe)                   |          3 |     0 |     0 |     0 |     3 |     0 |              0 |        3 |          0 |      0 |          0 |       0 |        0 |
+------------------------------------------------------------------------------------------------------------------------------------------------------------------+
